# Blender v2.63 (sub 13) OBJ File: 'newarmor_Tetra_output.blend'
# www.blender.org
mtllib armor_Tetra_output.mtl
o Armor.004
v 1.233683 -0.200000 0.791542
v 1.233683 0.000000 0.791542
v 1.033683 0.000000 0.991543
v 1.033683 -0.200000 0.991543
v 0.833683 0.000000 0.791542
v 0.833683 -0.200000 0.791542
v 1.033683 0.000000 0.591542
v 1.033683 -0.200000 0.591542
v 1.208290 -0.200000 3.804238
v 1.208290 0.000000 3.804238
v 1.008290 0.000000 4.004238
v 1.008290 -0.200000 4.004238
v 0.808290 0.000000 3.804238
v 0.808290 -0.200000 3.804238
v 1.008290 0.000000 3.604238
v 1.008290 -0.200000 3.604238
v 4.208290 -0.200000 0.797890
v 4.208290 0.000000 0.797890
v 4.008290 0.000000 0.997890
v 4.008290 -0.200000 0.997890
v 3.808290 0.000000 0.797890
v 3.808290 -0.200000 0.797890
v 4.008290 0.000000 0.597890
v 4.008290 -0.200000 0.597890
v -0.016709 1.190687 0.795152
v -0.216710 1.190687 0.795152
v -0.216710 0.990687 0.995152
v -0.016709 0.990687 0.995152
v -0.216710 0.790687 0.795152
v -0.016709 0.790687 0.795152
v -0.216710 0.990687 0.595152
v -0.016709 0.990687 0.595152
v -0.016709 1.225000 3.795152
v -0.216710 1.225000 3.795152
v -0.216710 1.025000 3.995152
v -0.016709 1.025000 3.995152
v -0.216710 0.825000 3.795152
v -0.016709 0.825000 3.795152
v -0.216710 1.025000 3.595152
v -0.016709 1.025000 3.595152
v -0.016709 4.225000 0.769418
v -0.216710 4.225000 0.769418
v -0.216710 4.025000 0.969418
v -0.016709 4.025000 0.969418
v -0.216710 3.825000 0.769418
v -0.016709 3.825000 0.769418
v -0.216710 4.025000 0.569418
v -0.016709 4.025000 0.569418
v 3.959766 1.013547 -0.023976
v 3.959766 1.013547 -0.223977
v 3.759766 0.813547 -0.223977
v 3.759766 0.813547 -0.023976
v 3.959766 0.613547 -0.223977
v 3.959766 0.613547 -0.023976
v 4.159766 0.813547 -0.223977
v 4.159766 0.813547 -0.023976
v 1.008290 1.225000 -0.023976
v 1.008290 1.225000 -0.223977
v 0.808290 1.025000 -0.223977
v 0.808290 1.025000 -0.023976
v 1.008290 0.825000 -0.223977
v 1.008290 0.825000 -0.023976
v 1.208290 1.025000 -0.223977
v 1.208290 1.025000 -0.023976
v 0.959767 4.013547 -0.023976
v 0.959767 4.013547 -0.223977
v 0.759767 3.813547 -0.223977
v 0.759767 3.813547 -0.023976
v 0.959767 3.613547 -0.223977
v 0.959767 3.613547 -0.023976
v 1.159767 3.813547 -0.223977
v 1.159767 3.813547 -0.023976
vn 0.707107 0.000000 0.707107
vn -0.707107 0.000000 0.707106
vn -0.707107 -0.000000 -0.707107
vn 0.707107 0.000000 -0.707107
vn 0.000000 1.000000 0.000000
vn 0.000000 -1.000000 0.000000
vn -0.707107 0.000000 0.707107
vn 0.707107 0.000000 0.707106
vn -0.707106 0.000000 0.707107
vn -0.707106 -0.000000 -0.707107
vn 0.707107 0.000000 -0.707106
vn -0.000000 0.707107 0.707107
vn 0.000000 -0.707107 0.707107
vn 0.000000 -0.707107 -0.707107
vn 0.000000 0.707107 -0.707107
vn -1.000000 0.000000 -0.000000
vn 1.000000 -0.000000 0.000000
vn -0.000000 0.707106 0.707107
vn 0.000000 -0.707106 0.707107
vn -0.000000 0.707107 0.707106
vn 0.000000 0.707107 -0.707106
vn -0.707107 0.707107 0.000000
vn -0.707107 -0.707107 0.000000
vn 0.707107 -0.707107 0.000000
vn 0.707107 0.707106 -0.000000
vn 0.000000 0.000000 -1.000000
vn 0.000000 -0.000000 1.000000
vn 0.707107 0.707107 -0.000000
vn 0.707106 0.707107 -0.000000
usemtl 
s off
f 1//1 2//1 3//1
f 1//1 3//1 4//1
f 4//2 3//2 5//2
f 4//2 5//2 6//2
f 6//3 5//3 7//3
f 6//3 7//3 8//3
f 8//4 7//4 2//4
f 2//4 1//4 8//4
f 7//5 5//5 3//5
f 7//5 3//5 2//5
f 1//6 4//6 6//6
f 1//6 6//6 8//6
f 9//1 10//1 11//1
f 9//1 11//1 12//1
f 12//7 11//7 13//7
f 12//7 13//7 14//7
f 14//3 13//3 15//3
f 14//3 15//3 16//3
f 16//4 15//4 10//4
f 16//4 10//4 9//4
f 15//5 13//5 11//5
f 15//5 11//5 10//5
f 9//6 12//6 14//6
f 9//6 14//6 16//6
f 17//8 18//8 19//8
f 17//8 19//8 20//8
f 20//9 19//9 21//9
f 20//9 21//9 22//9
f 22//10 21//10 23//10
f 22//10 23//10 24//10
f 24//11 23//11 18//11
f 24//11 18//11 17//11
f 23//5 21//5 19//5
f 23//5 19//5 18//5
f 17//6 20//6 22//6
f 17//6 22//6 24//6
f 25//12 26//12 27//12
f 25//12 27//12 28//12
f 28//13 27//13 29//13
f 28//13 29//13 30//13
f 30//14 29//14 31//14
f 30//14 31//14 32//14
f 32//15 31//15 26//15
f 32//15 26//15 25//15
f 31//16 29//16 27//16
f 31//16 27//16 26//16
f 25//17 28//17 30//17
f 25//17 30//17 32//17
f 33//18 34//18 35//18
f 33//18 35//18 36//18
f 36//19 35//19 37//19
f 36//19 37//19 38//19
f 38//14 37//14 39//14
f 38//14 39//14 40//14
f 40//15 39//15 34//15
f 40//15 34//15 33//15
f 39//16 37//16 35//16
f 39//16 35//16 34//16
f 33//17 36//17 38//17
f 33//17 38//17 40//17
f 41//20 42//20 43//20
f 41//20 43//20 44//20
f 44//13 43//13 45//13
f 44//13 45//13 46//13
f 46//14 45//14 47//14
f 46//14 47//14 48//14
f 48//21 47//21 42//21
f 48//21 42//21 41//21
f 47//16 45//16 43//16
f 47//16 43//16 42//16
f 41//17 44//17 46//17
f 41//17 46//17 48//17
f 49//22 50//22 51//22
f 49//22 51//22 52//22
f 52//23 51//23 53//23
f 52//23 53//23 54//23
f 54//24 53//24 55//24
f 54//24 55//24 56//24
f 56//25 55//25 50//25
f 56//25 50//25 49//25
f 55//26 53//26 51//26
f 55//26 51//26 50//26
f 49//27 52//27 54//27
f 49//27 54//27 56//27
f 57//22 58//22 59//22
f 57//22 59//22 60//22
f 60//23 59//23 61//23
f 60//23 61//23 62//23
f 62//24 61//24 63//24
f 62//24 63//24 64//24
f 64//28 63//28 58//28
f 64//28 58//28 57//28
f 63//26 61//26 59//26
f 63//26 59//26 58//26
f 57//27 60//27 62//27
f 57//27 62//27 64//27
f 65//22 66//22 67//22
f 65//22 67//22 68//22
f 68//23 67//23 69//23
f 68//23 69//23 70//23
f 70//24 69//24 71//24
f 70//24 71//24 72//24
f 72//29 71//29 66//29
f 72//29 66//29 65//29
f 71//26 69//26 67//26
f 71//26 67//26 66//26
f 65//27 68//27 70//27
f 65//27 70//27 72//27
o Tetra
v 0.002932 5.000000 0.001023
v 5.002933 0.000000 0.001023
v 0.002932 0.000000 0.001023
v 0.002932 0.000000 5.001023
vn 0.577350 0.577350 0.577350
usemtl 
s off
f 73//26 74//26 75//26
f 74//6 76//6 75//6
f 76//16 73//16 75//16
f 73//30 76//30 74//30
